16.000000	16.000000	17178	4	FFEall:	17178	CacheFit:	26348	CachePop:	19379	NoFFEiter:	 0	 AllIter:	689	0.000000	0000000000000000	4	1517655650
16.000000	16.000000	10853	3	FFEall:	10853	CacheFit:	12418	CachePop:	9735	NoFFEiter:	 0	 AllIter:	509	0.000000	0000000000000000	3	1517655658
16.000000	16.000000	29253	8	FFEall:	29253	CacheFit:	46527	CachePop:	31113	NoFFEiter:	 0	 AllIter:	1650	0.000000	0000000000000000	8	1517655666
16.000000	16.000000	38371	14	FFEall:	38371	CacheFit:	74987	CachePop:	46241	NoFFEiter:	 0	 AllIter:	2467	0.000000	0000000000000000	14	1517655671
16.000000	16.000000	23336	8	FFEall:	23336	CacheFit:	32706	CachePop:	23497	NoFFEiter:	 0	 AllIter:	1221	0.000000	0000000000000000	8	1517655679
16.000000	16.000000	25531	7	FFEall:	25531	CacheFit:	38188	CachePop:	25937	NoFFEiter:	 0	 AllIter:	1388	1.000000	1111111111111111	7	1517655687
16.000000	16.000000	12030	3	FFEall:	12030	CacheFit:	13555	CachePop:	10679	NoFFEiter:	 0	 AllIter:	559	0.000000	0000000000000000	3	1517655695
16.000000	16.000000	19567	5	FFEall:	19567	CacheFit:	25886	CachePop:	18484	NoFFEiter:	 0	 AllIter:	991	0.000000	0000000000000000	5	1517655703
16.000000	16.000000	45719	17	FFEall:	45719	CacheFit:	107840	CachePop:	62044	NoFFEiter:	 4	 AllIter:	3341	1.000000	1111111111111111	17	1517655711
16.000000	16.000000	17081	5	FFEall:	17081	CacheFit:	21994	CachePop:	15765	NoFFEiter:	 0	 AllIter:	852	1.000000	1111111111111111	5	1517655719
16.000000	16.000000	6202	2	FFEall:	6202	CacheFit:	6507	CachePop:	5439	NoFFEiter:	 0	 AllIter:	279	1.000000	1111111111111111	2	1517655727
16.000000	16.000000	17730	4	FFEall:	17730	CacheFit:	22647	CachePop:	16534	NoFFEiter:	 0	 AllIter:	881	0.000000	0000000000000000	4	1517655736
16.000000	16.000000	3713	0	FFEall:	3713	CacheFit:	3661	CachePop:	3358	NoFFEiter:	 0	 AllIter:	163	0.000000	0000000000000000	0	1517655744
16.000000	16.000000	59942	79	FFEall:	59942	CacheFit:	553499	CachePop:	237213	NoFFEiter:	 2826	 AllIter:	12739	1.000000	1111111111111111	79	1517655752
16.000000	16.000000	61122	118	FFEall:	61122	CacheFit:	843730	CachePop:	348400	NoFFEiter:	 6291	 AllIter:	18713	0.000000	0000000000000000	118	1517655760
16.000000	16.000000	29106	12	FFEall:	29106	CacheFit:	50786	CachePop:	31380	NoFFEiter:	 0	 AllIter:	1657	1.000000	1111111111111111	12	1517655831
16.000000	16.000000	62989	172	FFEall:	62989	CacheFit:	1166882	CachePop:	475813	NoFFEiter:	 11624	 AllIter:	25438	0.000000	0000000000000000	172	1517655845
16.000000	16.000000	64273	209	FFEall:	64273	CacheFit:	1428757	CachePop:	577896	NoFFEiter:	 16036	 AllIter:	30804	0.000000	0000000000000000	209	1517655880
16.000000	16.000000	62831	82	FFEall:	62831	CacheFit:	655213	CachePop:	306143	NoFFEiter:	 1979	 AllIter:	12998	1.000000	1111111111111111	82	1517656017
16.000000	16.000000	311	0	FFEall:	311	CacheFit:	209	CachePop:	279	NoFFEiter:	 0	 AllIter:	14	1.000000	1111111111111111	0	1517656092
16.000000	16.000000	33110	9	FFEall:	33110	CacheFit:	56876	CachePop:	36852	NoFFEiter:	 0	 AllIter:	1959	1.000000	1111111111111111	9	1517656100
16.000000	16.000000	32795	10	FFEall:	32795	CacheFit:	57146	CachePop:	35809	NoFFEiter:	 0	 AllIter:	1958	0.000000	0000000000000000	10	1517656108
16.000000	16.000000	4753	1	FFEall:	4753	CacheFit:	4695	CachePop:	4005	NoFFEiter:	 0	 AllIter:	208	0.000000	0000000000000000	1	1517656116
16.000000	16.000000	27304	7	FFEall:	27304	CacheFit:	42080	CachePop:	28202	NoFFEiter:	 0	 AllIter:	1511	1.000000	1111111111111111	7	1517656124
16.000000	16.000000	12085	2	FFEall:	12085	CacheFit:	13876	CachePop:	10519	NoFFEiter:	 0	 AllIter:	567	1.000000	1111111111111111	2	1517656132
16.000000	16.000000	55273	31	FFEall:	55273	CacheFit:	183760	CachePop:	96024	NoFFEiter:	 43	 AllIter:	5199	0.000000	0000000000000000	31	1517656140
16.000000	16.000000	51118	25	FFEall:	51118	CacheFit:	142641	CachePop:	78124	NoFFEiter:	 17	 AllIter:	4215	0.000000	0000000000000000	25	1517656148
16.000000	16.000000	13760	5	FFEall:	13760	CacheFit:	16369	CachePop:	12411	NoFFEiter:	 0	 AllIter:	658	0.000000	0000000000000000	5	1517656159
16.000000	16.000000	4352	2	FFEall:	4352	CacheFit:	4447	CachePop:	3722	NoFFEiter:	 0	 AllIter:	194	0.000000	0000000000000000	2	1517656167
16.000000	16.000000	64465	334	FFEall:	64465	CacheFit:	1217743	CachePop:	498899	NoFFEiter:	 15011	 AllIter:	26661	1.000000	1111111111111111	334	1517656175
16.000000	16.000000	63892	333	FFEall:	63892	CacheFit:	1174092	CachePop:	481094	NoFFEiter:	 12892	 AllIter:	25698	0.000000	0000000000000000	333	1517656180
16.000000	16.000000	57936	157	FFEall:	57936	CacheFit:	526770	CachePop:	225972	NoFFEiter:	 2176	 AllIter:	12102	1.000000	1111111111111111	157	1517656185
16.000000	16.000000	57705	168	FFEall:	57705	CacheFit:	537387	CachePop:	231008	NoFFEiter:	 2231	 AllIter:	12312	1.000000	1111111111111111	168	1517656193
16.000000	16.000000	51068	92	FFEall:	51068	CacheFit:	278931	CachePop:	128858	NoFFEiter:	 297	 AllIter:	6827	0.000000	0000000000000000	92	1517656204
16.000000	16.000000	58134	185	FFEall:	58134	CacheFit:	568053	CachePop:	242416	NoFFEiter:	 2526	 AllIter:	12963	1.000000	1111111111111111	185	1517656212
16.000000	16.000000	49573	87	FFEall:	49573	CacheFit:	243133	CachePop:	113763	NoFFEiter:	 184	 AllIter:	6055	0.000000	0000000000000000	87	1517656232
16.000000	16.000000	64781	300	FFEall:	64781	CacheFit:	1120337	CachePop:	464691	NoFFEiter:	 9462	 AllIter:	23672	1.000000	1111111111111111	300	1517656240
16.000000	16.000000	58657	187	FFEall:	58657	CacheFit:	587657	CachePop:	249711	NoFFEiter:	 2762	 AllIter:	13371	1.000000	1111111111111111	187	1517656296
16.000000	16.000000	62700	204	FFEall:	62700	CacheFit:	753738	CachePop:	329737	NoFFEiter:	 3758	 AllIter:	15839	1.000000	1111111111111111	204	1517656320
16.000000	16.000000	60291	175	FFEall:	60291	CacheFit:	608362	CachePop:	265146	NoFFEiter:	 2602	 AllIter:	13401	1.000000	1111111111111111	175	1517656343
16.000000	16.000000	63583	177	FFEall:	63583	CacheFit:	1383673	CachePop:	557919	NoFFEiter:	 15534	 AllIter:	29946	1.000000	1111111111111111	177	1517679490
16.000000	16.000000	53336	37	FFEall:	53336	CacheFit:	279701	CachePop:	134456	NoFFEiter:	 176	 AllIter:	6433	1.000000	1111111111111111	37	1517679670
16.000000	16.000000	35651	12	FFEall:	35651	CacheFit:	65240	CachePop:	40961	NoFFEiter:	 1	 AllIter:	2196	0.000000	0000000000000000	12	1517679708
16.000000	16.000000	1161	1	FFEall:	1161	CacheFit:	1002	CachePop:	1027	NoFFEiter:	 0	 AllIter:	50	1.000000	1111111111111111	1	1517679722
16.000000	16.000000	13438	4	FFEall:	13438	CacheFit:	15862	CachePop:	11942	NoFFEiter:	 0	 AllIter:	640	1.000000	1111111111111111	4	1517679730
16.000000	16.000000	24534	7	FFEall:	24534	CacheFit:	35760	CachePop:	24721	NoFFEiter:	 0	 AllIter:	1314	0.000000	0000000000000000	7	1517679738
16.000000	16.000000	61858	45	FFEall:	61858	CacheFit:	306223	CachePop:	148415	NoFFEiter:	 490	 AllIter:	8005	1.000000	1111111111111111	45	1517679746
16.000000	16.000000	65291	344	FFEall:	65291	CacheFit:	2211962	CachePop:	882781	NoFFEiter:	 35000	 AllIter:	47267	1.000000	1111111111111111	344	1517679793
16.000000	16.000000	61419	146	FFEall:	61419	CacheFit:	585851	CachePop:	250709	NoFFEiter:	 2172	 AllIter:	13062	1.000000	1111111111111111	146	1517680000
16.000000	16.000000	60994	133	FFEall:	60994	CacheFit:	529412	CachePop:	242997	NoFFEiter:	 1250	 AllIter:	11084	1.000000	1111111111111111	133	1517680014
16.000000	16.000000	54668	113	FFEall:	54668	CacheFit:	354453	CachePop:	158119	NoFFEiter:	 662	 AllIter:	8456	1.000000	1111111111111111	113	1517680022
16.000000	16.000000	52749	104	FFEall:	52749	CacheFit:	311823	CachePop:	141436	NoFFEiter:	 428	 AllIter:	7494	1.000000	1111111111111111	104	1517680030
16.000000	16.000000	51618	92	FFEall:	51618	CacheFit:	271318	CachePop:	127474	NoFFEiter:	 204	 AllIter:	6478	0.000000	0000000000000000	92	1517680044
16.000000	16.000000	56788	84	FFEall:	56788	CacheFit:	308482	CachePop:	156920	NoFFEiter:	 119	 AllIter:	6539	1.000000	1111111111111111	84	1517680062
16.000000	16.000000	42626	56	FFEall:	42626	CacheFit:	139143	CachePop:	71555	NoFFEiter:	 11	 AllIter:	3748	1.000000	1111111111111111	56	1517680076
16.000000	16.000000	16280	6	FFEall:	16280	CacheFit:	20125	CachePop:	15058	NoFFEiter:	 0	 AllIter:	794	0.000000	0000000000000000	6	1517680135
16.000000	16.000000	14133	5	FFEall:	14133	CacheFit:	17070	CachePop:	12996	NoFFEiter:	 0	 AllIter:	681	1.000000	1111111111111111	5	1517680140
16.000000	16.000000	3259	0	FFEall:	3259	CacheFit:	3128	CachePop:	2681	NoFFEiter:	 0	 AllIter:	142	0.000000	0000000000000000	0	1517680148
16.000000	16.000000	38973	8	FFEall:	38973	CacheFit:	76728	CachePop:	46552	NoFFEiter:	 0	 AllIter:	2518	1.000000	1111111111111111	8	1517680153
16.000000	16.000000	36249	7	FFEall:	36249	CacheFit:	67435	CachePop:	42311	NoFFEiter:	 0	 AllIter:	2257	1.000000	1111111111111111	7	1517680158
16.000000	16.000000	6160	1	FFEall:	6160	CacheFit:	6313	CachePop:	5400	NoFFEiter:	 0	 AllIter:	274	1.000000	1111111111111111	1	1517680163
16.000000	16.000000	5370	1	FFEall:	5370	CacheFit:	5540	CachePop:	4590	NoFFEiter:	 0	 AllIter:	240	0.000000	0000000000000000	1	1517680171
16.000000	16.000000	40959	8	FFEall:	40959	CacheFit:	84935	CachePop:	51009	NoFFEiter:	 2	 AllIter:	2740	1.000000	1111111111111111	8	1517680176
16.000000	16.000000	26375	5	FFEall:	26375	CacheFit:	39876	CachePop:	26924	NoFFEiter:	 0	 AllIter:	1443	1.000000	1111111111111111	5	1517680181
16.000000	16.000000	16897	2	FFEall:	16897	CacheFit:	21243	CachePop:	15347	NoFFEiter:	 0	 AllIter:	832	1.000000	1111111111111111	2	1517680186
16.000000	16.000000	34021	6	FFEall:	34021	CacheFit:	59642	CachePop:	38373	NoFFEiter:	 1	 AllIter:	2039	0.000000	0000000000000000	6	1517680194
16.000000	16.000000	8083	1	FFEall:	8083	CacheFit:	8668	CachePop:	6952	NoFFEiter:	 0	 AllIter:	367	1.000000	1111111111111111	1	1517680199
16.000000	16.000000	7210	1	FFEall:	7210	CacheFit:	7566	CachePop:	6191	NoFFEiter:	 0	 AllIter:	324	0.000000	0000000000000000	1	1517680204
16.000000	16.000000	7773	1	FFEall:	7773	CacheFit:	8212	CachePop:	6520	NoFFEiter:	 0	 AllIter:	350	0.000000	0000000000000000	1	1517680209
16.000000	16.000000	2408	0	FFEall:	2408	CacheFit:	2299	CachePop:	2062	NoFFEiter:	 0	 AllIter:	105	0.000000	0000000000000000	0	1517680217
16.000000	16.000000	15057	2	FFEall:	15057	CacheFit:	18438	CachePop:	13793	NoFFEiter:	 0	 AllIter:	731	1.000000	1111111111111111	2	1517680222
16.000000	16.000000	30708	5	FFEall:	30708	CacheFit:	50120	CachePop:	32704	NoFFEiter:	 0	 AllIter:	1760	1.000000	1111111111111111	5	1517680227
16.000000	16.000000	16552	3	FFEall:	16552	CacheFit:	20534	CachePop:	15374	NoFFEiter:	 0	 AllIter:	809	1.000000	1111111111111111	3	1517680232
16.000000	16.000000	53222	59	FFEall:	53222	CacheFit:	335861	CachePop:	151650	NoFFEiter:	 586	 AllIter:	8051	0.000000	0000000000000000	59	1517680240
16.000000	16.000000	63467	274	FFEall:	63467	CacheFit:	1338182	CachePop:	544816	NoFFEiter:	 14615	 AllIter:	29008	0.000000	0000000000000000	274	1517680245
16.000000	16.000000	44285	38	FFEall:	44285	CacheFit:	158638	CachePop:	78740	NoFFEiter:	 41	 AllIter:	4200	1.000000	1111111111111111	38	1517680250
16.000000	16.000000	57369	149	FFEall:	57369	CacheFit:	521307	CachePop:	225953	NoFFEiter:	 2047	 AllIter:	11974	1.000000	1111111111111111	149	1517680255
16.000000	16.000000	64207	302	FFEall:	64207	CacheFit:	1555073	CachePop:	627512	NoFFEiter:	 18551	 AllIter:	33306	1.000000	1111111111111111	302	1517680263
16.000000	16.000000	54532	121	FFEall:	54532	CacheFit:	386230	CachePop:	170948	NoFFEiter:	 868	 AllIter:	9118	1.000000	1111111111111111	121	1517680268
16.000000	16.000000	55535	131	FFEall:	55535	CacheFit:	419472	CachePop:	183912	NoFFEiter:	 1146	 AllIter:	9828	0.000000	0000000000000000	131	1517680276
16.000000	16.000000	36145	14	FFEall:	36145	CacheFit:	87172	CachePop:	48063	NoFFEiter:	 3	 AllIter:	2555	0.000000	0000000000000000	14	1517690684
16.000000	16.000000	61013	108	FFEall:	61013	CacheFit:	814320	CachePop:	339255	NoFFEiter:	 5794	 AllIter:	18116	1.000000	1111111111111111	108	1517690695
16.000000	16.000000	45638	28	FFEall:	45638	CacheFit:	178308	CachePop:	87097	NoFFEiter:	 59	 AllIter:	4636	0.000000	0000000000000000	28	1517690703
16.000000	16.000000	61661	115	FFEall:	61661	CacheFit:	890467	CachePop:	371310	NoFFEiter:	 7146	 AllIter:	19697	0.000000	0000000000000000	115	1517690732
16.000000	16.000000	18760	5	FFEall:	18760	CacheFit:	22317	CachePop:	16060	NoFFEiter:	 0	 AllIter:	852	1.000000	1111111111111111	5	1517690804
16.000000	16.000000	54833	58	FFEall:	54833	CacheFit:	379399	CachePop:	171007	NoFFEiter:	 792	 AllIter:	8923	0.000000	0000000000000000	58	1517690812
16.000000	16.000000	52920	26	FFEall:	52920	CacheFit:	222830	CachePop:	119246	NoFFEiter:	 18	 AllIter:	4709	1.000000	1111111111111111	26	1517690850
16.000000	16.000000	13162	4	FFEall:	13162	CacheFit:	15606	CachePop:	11745	NoFFEiter:	 0	 AllIter:	628	1.000000	1111111111111111	4	1517690870
16.000000	16.000000	20206	5	FFEall:	20206	CacheFit:	26631	CachePop:	19229	NoFFEiter:	 0	 AllIter:	1021	0.000000	0000000000000000	5	1517690878
16.000000	16.000000	40669	13	FFEall:	40669	CacheFit:	84046	CachePop:	50653	NoFFEiter:	 2	 AllIter:	2714	1.000000	1111111111111111	13	1517690886
16.000000	16.000000	29873	9	FFEall:	29873	CacheFit:	48308	CachePop:	31810	NoFFEiter:	 1	 AllIter:	1703	0.000000	0000000000000000	9	1517690894
16.000000	16.000000	8187	2	FFEall:	8187	CacheFit:	8759	CachePop:	7079	NoFFEiter:	 0	 AllIter:	371	1.000000	1111111111111111	2	1517690902
16.000000	16.000000	25016	6	FFEall:	25016	CacheFit:	36410	CachePop:	25322	NoFFEiter:	 0	 AllIter:	1338	1.000000	1111111111111111	6	1517690910
16.000000	16.000000	19684	4	FFEall:	19684	CacheFit:	26469	CachePop:	19200	NoFFEiter:	 0	 AllIter:	1006	0.000000	0000000000000000	4	1517690918
16.000000	16.000000	24894	6	FFEall:	24894	CacheFit:	36076	CachePop:	24880	NoFFEiter:	 0	 AllIter:	1328	1.000000	1111111111111111	6	1517690926
16.000000	16.000000	32468	9	FFEall:	32468	CacheFit:	55110	CachePop:	35465	NoFFEiter:	 1	 AllIter:	1907	0.000000	0000000000000000	9	1517690934
16.000000	16.000000	6731	2	FFEall:	6731	CacheFit:	7032	CachePop:	5927	NoFFEiter:	 0	 AllIter:	302	1.000000	1111111111111111	2	1517690942
16.000000	16.000000	21985	4	FFEall:	21985	CacheFit:	29922	CachePop:	21465	NoFFEiter:	 0	 AllIter:	1131	0.000000	0000000000000000	4	1517690950
16.000000	16.000000	8640	2	FFEall:	8640	CacheFit:	9215	CachePop:	7352	NoFFEiter:	 0	 AllIter:	391	0.000000	0000000000000000	2	1517690958
16.000000	16.000000	21730	5	FFEall:	21730	CacheFit:	30490	CachePop:	21160	NoFFEiter:	 0	 AllIter:	1138	0.000000	0000000000000000	6	1517690966
16.000000	16.000000	462	1	FFEall:	462	CacheFit:	318	CachePop:	347	NoFFEiter:	 0	 AllIter:	20	0.000000	0000000000000000	1	1517690974
16.000000	16.000000	63392	179	FFEall:	63392	CacheFit:	1342272	CachePop:	544184	NoFFEiter:	 14800	 AllIter:	29084	1.000000	1111111111111111	179	1517690982
16.000000	16.000000	50417	39	FFEall:	50417	CacheFit:	263775	CachePop:	121872	NoFFEiter:	 249	 AllIter:	6503	0.000000	0000000000000000	39	1517690990
16.000000	16.000000	65010	300	FFEall:	65010	CacheFit:	1586976	CachePop:	640732	NoFFEiter:	 18973	 AllIter:	34216	1.000000	1111111111111111	300	1517691032
16.000000	16.000000	58810	138	FFEall:	58810	CacheFit:	562830	CachePop:	241772	NoFFEiter:	 2488	 AllIter:	12862	0.000000	0000000000000000	138	1517691163
16.000000	16.000000	58470	117	FFEall:	58470	CacheFit:	411975	CachePop:	189486	NoFFEiter:	 625	 AllIter:	9099	0.000000	0000000000000000	117	1517691198
16.000000	16.000000	21833	11	FFEall:	21833	CacheFit:	29334	CachePop:	20290	NoFFEiter:	 0	 AllIter:	1061	0.000000	0000000000000000	11	1517691206
16.000000	16.000000	51942	91	FFEall:	51942	CacheFit:	264763	CachePop:	124417	NoFFEiter:	 165	 AllIter:	6299	1.000000	1111111111111111	91	1517691214
16.000000	16.000000	47770	78	FFEall:	47770	CacheFit:	205409	CachePop:	99149	NoFFEiter:	 98	 AllIter:	5186	1.000000	1111111111111111	78	1517691222
16.000000	16.000000	63979	108	FFEall:	63979	CacheFit:	576796	CachePop:	273067	NoFFEiter:	 1261	 AllIter:	10353	1.000000	1111111111111111	108	1517691230
16.000000	16.000000	55717	83	FFEall:	55717	CacheFit:	270271	CachePop:	143022	NoFFEiter:	 69	 AllIter:	5791	0.000000	0000000000000000	83	1517691238
16.000000	16.000000	45702	51	FFEall:	45702	CacheFit:	140881	CachePop:	80297	NoFFEiter:	 3	 AllIter:	3273	0.000000	0000000000000000	51	1517691261
16.000000	16.000000	32263	19	FFEall:	32263	CacheFit:	54445	CachePop:	35134	NoFFEiter:	 0	 AllIter:	1888	0.000000	0000000000000000	19	1517691303
16.000000	16.000000	846	0	FFEall:	846	CacheFit:	718	CachePop:	668	NoFFEiter:	 0	 AllIter:	37	1.000000	1111111111111111	0	1517691308
16.000000	16.000000	14508	6	FFEall:	14508	CacheFit:	17553	CachePop:	12925	NoFFEiter:	 0	 AllIter:	700	0.000000	0000000000000000	6	1517691316
16.000000	16.000000	13392	4	FFEall:	13392	CacheFit:	16112	CachePop:	12244	NoFFEiter:	 0	 AllIter:	644	1.000000	1111111111111111	4	1517691321
16.000000	16.000000	21404	5	FFEall:	21404	CacheFit:	29391	CachePop:	20632	NoFFEiter:	 0	 AllIter:	1107	0.000000	0000000000000000	5	1517691326
16.000000	16.000000	20536	3	FFEall:	20536	CacheFit:	27637	CachePop:	19836	NoFFEiter:	 0	 AllIter:	1050	0.000000	0000000000000000	3	1517691334
16.000000	16.000000	17985	2	FFEall:	17985	CacheFit:	23453	CachePop:	16956	NoFFEiter:	 0	 AllIter:	904	1.000000	1111111111111111	2	1517691339
16.000000	16.000000	33361	5	FFEall:	33361	CacheFit:	58510	CachePop:	37391	NoFFEiter:	 0	 AllIter:	2000	1.000000	1111111111111111	5	1517691344
